0 FILE 26674.dat
0 Pneumatic Pump Small (6L) V2 with Reinforced Cylinder
0 Name:  26674.dat
0 Author:  
0 BL_Item_No bb0875
0 BFC CERTIFY CCW
1 16 0.0000 -10.0000 8.0000 1.0000 0.0000 0.0000 0.0000 1.0000 0.0000 0.0000 0.0000 1.0000 u9413.dat
1 16 0.0000 -98.0000 8.0000 1.0000 0.0000 0.0000 0.0000 1.0000 0.0000 0.0000 0.0000 1.0000 u9415.dat
1 0 0.0000 -100.0000 8.0000 1.0000 0.0000 0.0000 0.0000 1.0000 0.0000 0.0000 0.0000 1.0000 u9414.dat
1 0 0.0000 -110.0000 8.0000 1.0000 0.0000 0.0000 0.0000 1.0000 0.0000 0.0000 0.0000 1.0000 2944c02.dat
